1281395692 036496000: 1 0 0 0 0 0 0
1281395692 554220000: 0.9996836782 0.001692792284 -0.02399775386 -0.007332229987 0.002759480383 0.001307618921 0.00302535668
1281395693 100779000: 0.9990913868 -0.0003724697453 -0.04055603221 -0.01309330389 -0.009386626072 -0.001532218303 -0.007770299446
1281395693 776830000: 0.9949792027 -0.01063219737 -0.09474775195 -0.03043367341 -0.0205129534 0.003803006839 -0.02973887883
1281395694 498188000: 0.9911339879 -0.008915731683 -0.1256044656 -0.04239612073 -0.0290138796 0.007446632721 -0.04502971843
1281395695 107278000: 0.9868960381 -0.003980791196 -0.1537711471 -0.04873186722 -0.04267974943 0.02577995509 -0.0631249994
1281395695 643738000: 0.9846692681 -0.001548065222 -0.1661366522 -0.05312784016 -0.04847656563 0.03615343198 -0.07597520202
1281395696 239407000: 0.9823172688 -0.003000021446 -0.1784919649 -0.05643065646 -0.05971701071 0.05070191622 -0.09449572116
1281395696 897215000: 0.980922401 -0.006160445511 -0.1844029129 -0.06122799963 -0.07050620764 0.06977078319 -0.1136399209
1281395697 516808000: 0.9793946743 -0.01657243259 -0.193934083 -0.05386067927 -0.07577228546 0.06486750394 -0.1359970719
1281395698 056861000: 0.9791674614 -0.01244853903 -0.1946957111 -0.05630015954 -0.08817533404 0.04314158112 -0.1507125348
1281395698 620428000: 0.9755880833 -0.0181467589 -0.2085412294 -0.06640148163 -0.09866300225 0.02399680205 -0.1608537287
1281395699 140969000: 0.975435257 -0.02341285907 -0.205780372 -0.07504903525 -0.09578542411 -0.003685866948 -0.1723197401
1281395699 624078000: 0.9688988924 -0.03257046267 -0.2293195277 -0.08710158616 -0.09821629524 -0.02661685459 -0.1855485737
1281395700 138905000: 0.9636114836 -0.03890342265 -0.2456186712 -0.09803504497 -0.09395959228 -0.04259595275 -0.1951987147
1281395700 657943000: 0.9614149332 -0.05778343976 -0.2469916344 -0.1064777151 -0.09464868158 -0.05730318651 -0.1979775578
1281395701 218687000: 0.9608367682 -0.07514296472 -0.2431698442 -0.1096116528 -0.0950423032 -0.07814563811 -0.1985837668
1281395701 737980000: 0.9629123211 -0.08886012435 -0.2287199199 -0.1122093722 -0.0989638418 -0.09865579754 -0.2044460773
1281395702 275924000: 0.9645240307 -0.1027831733 -0.2163313478 -0.111039497 -0.0888222754 -0.1149920002 -0.2059253454
1281395702 847924000: 0.961523056 -0.1072105467 -0.2221008539 -0.1210392341 -0.0749071762 -0.1351558119 -0.1960276663
1281395703 405725000: 0.9547476172 -0.1199070215 -0.2407616228 -0.1269375384 -0.06604482979 -0.15471223 -0.1926724166
1281395703 894029000: 0.9491609931 -0.1277993023 -0.2549465001 -0.1332781911 -0.06193777546 -0.1631540954 -0.1880517453
1281395704 426004000: 0.9355270267 -0.1353986263 -0.2934367955 -0.1426578313 -0.06025039032 -0.1716364324 -0.1875290871
1281395704 951850000: 0.9267882705 -0.1324058175 -0.3144797087 -0.1569545716 -0.05975556374 -0.1750494391 -0.1778241098
1281395705 603064000: 0.9073433876 -0.1301176399 -0.3591595292 -0.1755045801 -0.06539756805 -0.174051255 -0.1630805135
1281395706 093117000: 0.8938693404 -0.1265153289 -0.3886111677 -0.1843173206 -0.06217874959 -0.1719456017 -0.161656931
1281395706 583069000: 0.8834626079 -0.1253003776 -0.409188509 -0.1906787306 -0.06213393435 -0.1687971205 -0.163248226
1281395707 136520000: 0.8758585453 -0.1144108474 -0.4271023571 -0.1933019757 -0.07138463855 -0.1630623788 -0.1706214249
1281395707 744293000: 0.8677085638 -0.1126692519 -0.4425709546 -0.1962611973 -0.09390085191 -0.1638820171 -0.185814023
1281395708 375777000: 0.8586540222 -0.1158283055 -0.4509230852 -0.2143954188 -0.1192676723 -0.1708536297 -0.1935520172
1281395709 056700000: 0.8462690711 -0.1296826452 -0.4546462595 -0.2455766052 -0.1529711634 -0.1822651178 -0.1918053031
1281395709 555927000: 0.8305492997 -0.1371285617 -0.4735723436 -0.2590616643 -0.1889185011 -0.1937938482 -0.2002116442
1281395710 056999000: 0.8143234253 -0.1374200433 -0.4923015237 -0.2750133574 -0.23008959 -0.2045326084 -0.2092400491
1281395710 576370000: 0.8012779355 -0.1298148632 -0.5079613924 -0.288230747 -0.2724558413 -0.2188970596 -0.2368016094
1281395711 070902000: 0.7986975908 -0.1282507628 -0.5155601501 -0.2825449407 -0.291973114 -0.2226056159 -0.2558990419
1281395711 555258000: 0.800080955 -0.1409675628 -0.5075401664 -0.2870568037 -0.3114596009 -0.2226312011 -0.2706660032
1281395712 090809000: 0.8061732054 -0.1487529576 -0.4972563386 -0.2840661705 -0.3327585459 -0.2206683755 -0.2790037394
1281395712 699248000: 0.8145051003 -0.1584243923 -0.4836151004 -0.2785671949 -0.3545859158 -0.2085732669 -0.2925551832
1281395713 280696000: 0.8262909055 -0.1610206515 -0.4695105255 -0.2662246525 -0.367346406 -0.1896987408 -0.3034902513
1281395713 767949000: 0.8384953737 -0.1630536616 -0.4525853693 -0.2559404075 -0.3777014911 -0.1767993271 -0.3164484799
1281395714 264282000: 0.8421805501 -0.1680458188 -0.4460732937 -0.25201419 -0.3837971687 -0.1603844762 -0.3370055556
1281395714 872893000: 0.8425793648 -0.1634479612 -0.451076597 -0.2446932346 -0.3502023518 -0.1448153555 -0.3283790946
1281395715 456785000: 0.851210475 -0.1593460292 -0.4435966015 -0.2308066636 -0.3465601802 -0.131015107 -0.3335480094
1281395715 944516000: 0.8676362038 -0.1445767134 -0.4241679311 -0.2153754234 -0.3677561879 -0.1194661781 -0.3513250053
1281395716 415919000: 0.8845941424 -0.1461093426 -0.3967607319 -0.1967896968 -0.3858077228 -0.1092068702 -0.3732427955
1281395716 881381000: 0.9000754952 -0.1439985186 -0.369751811 -0.1800337136 -0.4060616195 -0.09542910755 -0.3952205479
1281395717 549926000: 0.917760551 -0.1311435848 -0.3408172131 -0.1560788006 -0.4311920404 -0.07674724609 -0.4211998582
1281395718 033674000: 0.9286254048 -0.1257274002 -0.3183660805 -0.1431449801 -0.4461333752 -0.05902033299 -0.4403243661
1281395718 520947000: 0.9357282519 -0.1231033355 -0.3050650358 -0.1272538602 -0.4523795545 -0.03818630427 -0.4642136693
1281395719 008723000: 0.9444499612 -0.117372185 -0.2889592648 -0.1036367118 -0.4576066136 -0.02248886041 -0.4780197144
1281395719 485867000: 0.9485364556 -0.1097188219 -0.2792604566 -0.1012619361 -0.4655791819 0.001233098214 -0.4894866347
1281395719 951083000: 0.9530121088 -0.1037740409 -0.2695789635 -0.09124718606 -0.4680918753 0.01782325655 -0.4886795282
1281395720 481995000: 0.9585827589 -0.1081251651 -0.2500106096 -0.08320289105 -0.4687689841 0.03288572654 -0.4961073697
1281395721 082319000: 0.9662180543 -0.1016316712 -0.2249702215 -0.07404092699 -0.4723556042 0.04656018317 -0.5018417835
1281395721 710321000: 0.9707401395 -0.1013219282 -0.2091772854 -0.06035136059 -0.4788901508 0.0621506162 -0.4980328679
1281395722 245904000: 0.9720898271 -0.1080709919 -0.2004086524 -0.05655447021 -0.4876646101 0.07674931735 -0.4962899089
1281395722 767179000: 0.9722839594 -0.1076726466 -0.1987684667 -0.05967992172 -0.4970432818 0.08832059056 -0.4931097627
1281395723 279089000: 0.976457715 -0.09678100049 -0.1839147806 -0.05778484046 -0.5058543086 0.1025499925 -0.4862898588
1281395723 817494000: 0.9838174582 -0.08234358579 -0.1511835754 -0.04966083542 -0.5081655383 0.1124456525 -0.4663839936
1281395724 330983000: 0.9869664907 -0.07285343856 -0.1350275725 -0.04854964465 -0.5086314678 0.1174837649 -0.4523776472
1281395724 918243000: 0.9907740951 -0.05661504716 -0.1159004793 -0.04157556593 -0.4996881187 0.111556679 -0.4319471121
1281395725 535510000: 0.9936249256 -0.05738230795 -0.09161997586 -0.03197773173 -0.4929265082 0.1053758189 -0.4089304507
1281395726 164460000: 0.9955754876 -0.06378122419 -0.06504007429 -0.02304806374 -0.4904100299 0.09969035536 -0.3899139464
1281395726 677339000: 0.9972367883 -0.05790733919 -0.0460559912 -0.00665771449 -0.480986923 0.09544666857 -0.3672001362
1281395727 196114000: 0.9982026815 -0.04976500198 -0.0333074443 -0.002347908448 -0.470788151 0.09999356419 -0.3568480611
1281395727 749142000: 0.9984742999 -0.0477976501 -0.02717725374 0.005087032449 -0.4614826739 0.1000807285 -0.3550126255
1281395728 384151000: 0.9983869791 -0.05446119979 -0.01117654424 0.01151184179 -0.4426562786 0.08225999773 -0.341293782
1281395728 849546000: 0.9979599118 -0.06077321991 -0.00320008304 0.01929838024 -0.420548439 0.06303047389 -0.3223049343
1281395729 328415000: 0.9973527789 -0.07020816207 -0.007719268557 0.0172823444 -0.4090635478 0.04642672837 -0.3027625978
1281395730 028563000: 0.9967226386 -0.0777309835 -0.02152086236 0.006226071622 -0.4032751322 0.01677254587 -0.2812180817
1281395730 762057000: 0.99575001 -0.08361424506 -0.03803949431 -0.006599635817 -0.3961976469 -0.01009420771 -0.2599728405
1281395731 342686000: 0.9933279157 -0.107766144 -0.04103833437 0.001425325056 -0.3827837706 -0.03271281347 -0.2368253767
1281395731 896921000: 0.9911553264 -0.1239984632 -0.04617995396 -0.010144962 -0.3650082052 -0.05356071517 -0.2164034396
1281395732 401877000: 0.9868280292 -0.1463013589 -0.06222909689 -0.02989878319 -0.3469178677 -0.06876539439 -0.1941544861
1281395732 870716000: 0.9839897752 -0.1542533487 -0.08149813116 -0.03644333035 -0.3264646232 -0.08736667782 -0.1820283979
1281395733 447863000: 0.9804364443 -0.1646631509 -0.09712345898 -0.04687690362 -0.3097523749 -0.1015285328 -0.1745443642
1281395733 986174000: 0.9783186316 -0.1740164459 -0.09925538301 -0.05252884328 -0.2928467393 -0.114706628 -0.1585216671
1281395734 502535000: 0.9777496457 -0.1784798503 -0.09840663522 -0.0496651195 -0.2862221003 -0.1237360463 -0.1514667124
1281395735 077399000: 0.9752949476 -0.1860395968 -0.1058619767 -0.05461012945 -0.284170717 -0.1531989127 -0.1410064995
1281395735 717517000: 0.9720032811 -0.2040575892 -0.1044405475 -0.05159729719 -0.2673071921 -0.1640587747 -0.1304916441
1281395736 286576000: 0.9690952897 -0.2116408199 -0.1130271628 -0.05733493716 -0.2561603189 -0.1704785377 -0.1224028766
1281395736 796033000: 0.9634635448 -0.204860881 -0.1509464532 -0.08357751369 -0.239501968 -0.1861740202 -0.1073242426
1281395737 385218000: 0.9555945992 -0.2026793063 -0.1868520826 -0.1041459814 -0.2076181769 -0.1954852045 -0.08116398007
1281395737 856090000: 0.9505134225 -0.1984789073 -0.2119466811 -0.1104939282 -0.1726819575 -0.2007450312 -0.07023157924
1281395738 319516000: 0.9470411539 -0.1929541528 -0.2307729721 -0.1123637035 -0.1379090548 -0.2037289888 -0.06455861777
1281395738 885946000: 0.9443968534 -0.1821175069 -0.2430780679 -0.1259400845 -0.1114938632 -0.2090709358 -0.06167730689
1281395739 588748000: 0.939401269 -0.1726548076 -0.2630612552 -0.1360675395 -0.08634334058 -0.2052592635 -0.04377726465
1281395740 183929000: 0.9362208843 -0.1729936004 -0.273684442 -0.1366035044 -0.06465473026 -0.2072861195 -0.01934858039
1281395740 835350000: 0.9323972464 -0.153097719 -0.2954974771 -0.1409885138 -0.04242708161 -0.212033093 0.006746672094
1281395741 456152000: 0.928766489 -0.1530856341 -0.3041271865 -0.1465066522 -0.02204970643 -0.2154258341 0.02731857076
1281395741 964048000: 0.9187881947 -0.161438778 -0.326002121 -0.1532590985 -0.007392063271 -0.2119447738 0.0389300324
1281395742 452057000: 0.9177201986 -0.1644620746 -0.3246849775 -0.1591270864 0.006392433308 -0.2094410807 0.0451041013
1281395742 915737000: 0.9146134853 -0.1569661796 -0.3338472843 -0.1654986292 0.02419537865 -0.2078148872 0.0493144542
1281395743 409544000: 0.8980839849 -0.1463626176 -0.3761399984 -0.1747623831 0.06840997934 -0.2098477781 0.05959904566
1281395743 888572000: 0.8849992156 -0.1366623342 -0.4053693116 -0.1837813258 0.1107119694 -0.2173503339 0.0600676313
1281395744 552111000: 0.8599689603 -0.127342701 -0.4532793462 -0.196913749 0.164807409 -0.2159260511 0.0712178722
1281395745 186291000: 0.8351250291 -0.1216384917 -0.4961009324 -0.2040934265 0.1743256003 -0.2143691927 0.09635806829
1281395745 711953000: 0.829344213 -0.1143869832 -0.5041462779 -0.2119913548 0.1652706712 -0.219470948 0.1073519215
